0 0.000000 0.000000
1200 1000.000000 1000.000000
2400 1000.000000 1000.000000
3600 1000.000000 1000.000000
4800 1000.000000 1000.000000
6000 1000.000000 999.000000
7200 1000.000000 1000.000000
8400 1000.000000 1000.000000
9600 1000.000000 1000.000000
10800 1000.000000 1000.000000
12000 1000.000000 1000.000000
13200 1000.000000 999.000000
14400 1000.000000 999.000000
15600 1000.000000 1000.000000
16800 1000.000000 1000.000000
18000 1000.000000 1000.000000
19200 1000.000000 1000.000000
20400 1000.000000 1000.000000
21600 1000.000000 1000.000000
