0 0 0 0 0 0 0 0 
0 1 0 0 0 0 0 0 
0 2 0 0 0 0 0 0 
0 3 0 0 0 0 0 0 
0 4 0 0 0 0 0 0 
0 5 0 0 0 0 0 0 
0 6 0 0 0 0 0 0 
0 7 0 0 0 0 0 0 
0 8 0 0 0 0 0 0 
0 9 0 0 0 0 0 0 
0 10 0 0 0 0 0 0 
0 11 0 0 0 0 0 0 
0 12 0 0 0 0 0 0 
0 13 0 0 0 0 0 0 
0 14 0 0 0 0 0 0 
0 15 0 0 0 0 0 0 
0 16 0 0 0 0 0 0 
0 17 0 0 0 0 0 0 
0 18 0 0 0 0 0 0 
0 19 0 0 0 0 0 0 
0 20 0 0 0 0 0 0 
0 21 0 0 0 0 0 0 
0 22 0 0 0 0 0 0 
0 23 0 0 0 0 0 0 
0 24 0 0 0 0 0 0 
0 25 0 0 0 0 0 0 
0 26 0 0 0 0 0 0 
0 27 0 0 0 0 0 0 
0 28 0 0 0 0 0 0 
0 29 0 0 0 0 0 0 
0 30 0 0 0 0 0 0 
0 31 0 0 0 0 0 0 
0 32 0 0 0 0 0 0 
0 33 0 0 0 0 0 0 
0 34 0 0 0 0 0 0 
0 35 0 0 0 0 0 0 
0 36 0 0 0 0 0 0 
1200 0 1000 211 59 0 658 72 
1200 1 1000 219 40 0 660 81 
1200 2 1000 192 54 0 700 54 
1200 3 1000 223 52 0 667 58 
1200 4 1000 212 16 0 699 73 
1200 5 1000 210 38 0 699 53 
1200 6 1000 194 38 0 705 63 
1200 7 1000 128 22 0 814 36 
1200 8 1000 154 29 0 765 52 
1200 9 1000 166 22 0 755 57 
1200 10 1000 142 19 0 798 41 
1200 11 1000 140 21 0 784 55 
1200 12 1000 140 16 0 794 50 
1200 13 1000 177 23 0 735 65 
1200 14 1000 136 14 0 821 29 
1200 15 1000 139 24 0 793 44 
1200 16 1000 123 14 0 818 45 
1200 17 1000 133 23 0 807 37 
1200 18 1000 130 15 0 813 42 
1200 19 1000 25 3 0 963 9 
1200 20 1000 68 5 0 911 16 
1200 21 1000 64 10 0 904 22 
1200 22 1000 77 7 0 891 25 
1200 23 1000 81 7 0 880 32 
1200 24 1000 45 0 0 946 9 
1200 25 1000 58 6 0 930 6 
1200 26 1000 58 7 0 919 16 
1200 27 1000 44 1 0 948 7 
1200 28 1000 93 10 0 868 29 
1200 29 1000 75 3 0 895 27 
1200 30 1000 21 3 0 965 11 
1200 31 1000 64 2 0 915 19 
1200 32 1000 80 4 0 888 28 
1200 33 1000 40 5 0 946 9 
1200 34 1000 55 5 0 931 9 
1200 35 1000 48 2 0 940 10 
1200 36 1000 44 1 0 939 16 
2400 0 1000 202 53 0 679 66 
2400 1 1000 196 43 0 696 65 
2400 2 1000 218 23 0 705 54 
2400 3 1000 202 49 0 658 91 
2400 4 1000 194 45 0 685 76 
2400 5 1000 196 48 0 679 77 
2400 6 1000 169 60 0 689 82 
2400 7 1000 125 25 0 802 48 
2400 8 1000 148 34 0 772 46 
2400 9 1000 155 25 0 752 68 
2400 10 1000 133 19 0 803 45 
2400 11 1000 147 22 0 773 58 
2400 12 1000 141 23 0 793 43 
2400 13 1000 153 24 0 745 78 
2400 14 1000 126 13 0 822 39 
2400 15 1000 153 26 0 778 43 
2400 16 1000 124 17 0 813 46 
2400 17 1000 140 26 0 778 56 
2400 18 1000 127 24 0 813 36 
2400 19 1000 21 0 0 969 10 
2400 20 1000 63 7 0 910 20 
2400 21 1000 71 8 0 905 16 
2400 22 1000 82 8 0 886 24 
2400 23 1000 80 7 0 876 37 
2400 24 1000 31 4 0 956 9 
2400 25 1000 58 10 0 909 23 
2400 26 1000 64 2 0 921 13 
2400 27 1000 50 2 0 942 6 
2400 28 1000 92 7 0 872 29 
2400 29 1000 71 8 0 895 26 
2400 30 1000 18 4 0 966 12 
2400 31 1000 46 9 0 933 12 
2400 32 1000 78 4 0 884 34 
2400 33 1000 49 6 0 936 9 
2400 34 1000 55 6 0 924 15 
2400 35 1000 53 4 0 923 20 
2400 36 1000 39 3 0 941 17 
3600 0 1000 195 47 0 668 90 
3600 1 1000 193 60 0 677 70 
3600 2 1000 207 52 0 680 61 
3600 3 1000 192 58 0 665 85 
3600 4 1000 195 42 0 688 75 
3600 5 1000 195 38 0 684 83 
3600 6 1000 189 43 0 692 76 
3600 7 1000 124 20 0 803 53 
3600 8 1000 162 28 0 754 56 
3600 9 1000 158 23 0 756 63 
3600 10 1000 132 25 0 806 37 
3600 11 1000 137 29 0 780 54 
3600 12 1000 138 21 0 792 49 
3600 13 1000 159 18 0 746 77 
3600 14 1000 130 16 0 828 26 
3600 15 1000 156 14 0 786 44 
3600 16 1000 133 13 0 805 49 
3600 17 1000 143 18 0 798 41 
3600 18 1000 121 22 0 816 41 
3600 19 1000 30 3 0 958 9 
3600 20 1000 78 4 0 907 11 
3600 21 1000 68 7 0 909 16 
3600 22 1000 77 6 0 888 29 
3600 23 1000 80 2 0 880 38 
3600 24 1000 38 4 0 947 11 
3600 25 1000 59 5 0 925 11 
3600 26 1000 59 5 0 924 12 
3600 27 1000 42 3 0 937 18 
3600 28 1000 86 10 0 881 23 
3600 29 1000 75 6 0 896 23 
3600 30 1000 23 1 0 962 14 
3600 31 1000 61 1 0 929 9 
3600 32 1000 82 3 0 891 24 
3600 33 1000 44 1 0 937 18 
3600 34 1000 50 7 0 932 11 
3600 35 1000 43 4 0 941 12 
3600 36 1000 44 2 0 941 13 
4800 0 1000 199 59 0 650 92 
4800 1 1000 202 46 0 671 81 
4800 2 1000 206 47 0 676 71 
4800 3 1000 196 52 0 662 90 
4800 4 1000 194 48 0 673 85 
4800 5 1000 199 46 0 689 66 
4800 6 1000 185 34 0 705 76 
4800 7 1000 122 26 0 807 45 
4800 8 1000 157 34 0 752 57 
4800 9 1000 174 17 0 751 58 
4800 10 1000 145 18 0 787 50 
4800 11 1000 149 22 0 771 58 
4800 12 1000 139 24 0 789 48 
4800 13 1000 147 25 0 741 87 
4800 14 1000 118 16 0 818 48 
4800 15 1000 154 26 0 761 59 
4800 16 1000 131 17 0 812 40 
4800 17 1000 138 19 0 794 49 
4800 18 1000 127 12 0 812 49 
4800 19 1000 18 0 0 970 12 
4800 20 1000 72 4 0 902 22 
4800 21 1000 80 0 0 901 19 
4800 22 1000 80 4 0 883 33 
4800 23 1000 77 8 0 881 34 
4800 24 1000 39 2 0 950 9 
4800 25 1000 63 5 0 913 19 
4800 26 1000 66 3 0 915 16 
4800 27 1000 46 2 0 929 23 
4800 28 1000 93 10 0 861 36 
4800 29 1000 67 2 0 909 22 
4800 30 1000 24 2 0 966 8 
4800 31 1000 63 6 0 916 15 
4800 32 1000 68 1 0 889 42 
4800 33 1000 53 2 0 938 7 
4800 34 1000 56 5 0 922 17 
4800 35 1000 49 1 0 934 16 
4800 36 1000 40 0 0 951 9 
6000 0 1000 220 12 0 698 70 
6000 1 1000 197 14 0 702 87 
6000 2 1000 188 13 0 747 52 
6000 3 1000 195 24 0 712 69 
6000 4 1000 199 11 0 716 74 
6000 5 1000 183 11 0 726 80 
6000 6 1000 176 8 0 769 47 
6000 7 1000 136 7 0 821 36 
6000 8 1000 142 10 0 793 55 
6000 9 1000 167 5 0 758 70 
6000 10 1000 127 4 0 828 41 
6000 11 1000 137 13 0 802 48 
6000 12 1000 132 5 0 815 48 
6000 13 1000 155 14 0 758 73 
6000 14 1000 105 5 0 855 35 
6000 15 1000 141 6 0 788 65 
6000 16 1000 125 7 0 846 22 
6000 17 1000 116 4 0 832 48 
6000 18 1000 106 5 0 846 43 
6000 19 1000 16 0 0 976 8 
6000 20 1000 61 2 0 920 17 
6000 21 1000 60 0 0 921 19 
6000 22 1000 63 1 0 906 30 
6000 23 1000 69 1 0 907 23 
6000 24 1000 30 0 0 961 9 
6000 25 1000 49 1 0 928 22 
6000 26 1000 42 1 0 948 9 
6000 27 1000 41 0 0 946 13 
6000 28 1000 74 4 0 891 31 
6000 29 1000 63 3 0 920 14 
6000 30 1000 17 0 0 973 10 
6000 31 1000 40 2 0 947 11 
6000 32 1000 66 4 0 902 28 
6000 33 1000 39 0 0 950 11 
6000 34 1000 35 1 0 949 15 
6000 35 1000 42 0 0 946 12 
6000 36 1000 28 1 0 962 9 
7200 0 1000 179 26 0 726 69 
7200 1 1000 188 17 0 733 62 
7200 2 1000 187 13 0 737 63 
7200 3 1000 196 14 0 728 62 
7200 4 1000 181 12 0 725 82 
7200 5 1000 173 17 0 752 58 
7200 6 1000 153 14 0 766 67 
7200 7 1000 112 5 0 841 42 
7200 8 1000 147 7 0 793 53 
7200 9 1000 141 12 0 771 76 
7200 10 1000 107 5 0 845 43 
7200 11 1000 125 17 0 822 36 
7200 12 1000 131 7 0 811 51 
7200 13 1000 151 9 0 768 72 
7200 14 1000 106 6 0 849 39 
7200 15 1000 137 9 0 798 56 
7200 16 1000 128 3 0 831 38 
7200 17 1000 123 1 0 843 33 
7200 18 1000 112 5 0 826 57 
7200 19 1000 21 0 0 970 9 
7200 20 1000 44 0 0 940 16 
7200 21 1000 52 2 0 928 18 
7200 22 1000 56 1 0 914 29 
7200 23 1000 67 3 0 897 33 
7200 24 1000 29 0 0 963 8 
7200 25 1000 42 2 0 943 13 
7200 26 1000 38 0 0 946 16 
7200 27 1000 39 2 0 941 18 
7200 28 1000 75 0 0 888 37 
7200 29 1000 50 2 0 933 15 
7200 30 1000 17 0 0 972 11 
7200 31 1000 38 0 0 950 12 
7200 32 1000 69 1 0 903 27 
7200 33 1000 34 1 0 955 10 
7200 34 1000 33 1 0 952 14 
7200 35 1000 30 1 0 959 10 
7200 36 1000 24 1 0 966 9 
8400 0 1000 195 17 1 710 77 
8400 1 1000 173 12 0 743 72 
8400 2 1000 189 11 0 749 51 
8400 3 1000 188 12 0 736 64 
8400 4 1000 177 15 0 727 81 
8400 5 1000 176 10 0 731 83 
8400 6 1000 165 11 1 757 66 
8400 7 1000 112 4 0 848 36 
8400 8 1000 146 7 0 787 60 
8400 9 1000 146 7 0 781 66 
8400 10 1000 122 4 0 824 50 
8400 11 1000 127 7 0 823 43 
8400 12 1000 130 10 0 816 44 
8400 13 1000 164 4 0 761 71 
8400 14 1000 102 3 0 861 34 
8400 15 1000 124 8 0 814 54 
8400 16 1000 114 6 0 845 35 
8400 17 1000 118 6 0 840 36 
8400 18 1000 114 2 0 849 35 
8400 19 1000 19 0 0 975 6 
8400 20 1000 44 2 0 941 13 
8400 21 1000 51 1 0 939 9 
8400 22 1000 54 3 0 925 18 
8400 23 1000 64 1 0 896 39 
8400 24 1000 27 4 0 961 8 
8400 25 1000 33 2 0 955 10 
8400 26 1000 43 1 0 943 13 
8400 27 1000 27 1 0 961 11 
8400 28 1000 66 1 0 901 32 
8400 29 1000 51 1 0 930 18 
8400 30 1000 15 0 0 976 9 
8400 31 1000 43 2 0 948 7 
8400 32 1000 67 4 0 899 30 
8400 33 1000 28 3 0 963 6 
8400 34 1000 38 0 0 945 17 
8400 35 1000 39 1 0 954 6 
8400 36 1000 18 0 0 978 4 
9600 0 1000 190 7 0 729 74 
9600 1 1000 179 10 0 753 58 
9600 2 1000 196 9 0 742 53 
9600 3 1000 180 13 0 735 72 
9600 4 1000 176 14 0 748 62 
9600 5 1000 165 10 0 749 76 
9600 6 1000 163 11 0 767 59 
9600 7 1000 101 3 0 860 36 
9600 8 1000 145 4 0 803 48 
9600 9 1000 143 6 0 790 61 
9600 10 1000 104 7 0 845 44 
9600 11 1000 118 6 0 831 45 
9600 12 1000 126 5 0 822 47 
9600 13 1000 148 10 0 766 76 
9600 14 1000 99 2 0 868 31 
9600 15 1000 139 8 0 810 43 
9600 16 1000 111 3 0 848 38 
9600 17 1000 120 6 0 823 51 
9600 18 1000 101 3 0 854 42 
9600 19 1000 18 0 0 972 10 
9600 20 1000 44 0 0 940 16 
9600 21 1000 49 1 0 936 14 
9600 22 1000 56 0 0 922 22 
9600 23 1000 56 0 0 906 38 
9600 24 1000 21 0 0 970 9 
9600 25 1000 33 0 0 954 13 
9600 26 1000 39 0 0 949 12 
9600 27 1000 27 0 0 962 11 
9600 28 1000 73 3 0 881 43 
9600 29 1000 49 0 0 938 13 
9600 30 1000 16 0 0 975 9 
9600 31 1000 40 0 0 948 12 
9600 32 1000 67 2 0 892 39 
9600 33 1000 26 1 0 966 7 
9600 34 1000 33 0 0 957 10 
9600 35 1000 26 0 0 965 9 
9600 36 1000 21 0 0 976 3 
10800 0 1000 164 10 0 761 65 
10800 1 1000 170 10 0 758 62 
10800 2 1000 174 3 0 767 56 
10800 3 1000 179 8 0 747 66 
10800 4 1000 161 12 0 741 86 
10800 5 1000 173 14 0 760 53 
10800 6 1000 172 6 0 763 59 
10800 7 1000 99 3 0 864 34 
10800 8 1000 140 4 0 801 55 
10800 9 1000 144 1 0 793 62 
10800 10 1000 115 3 0 839 43 
10800 11 1000 118 3 0 833 46 
10800 12 1000 116 2 0 821 61 
10800 13 1000 145 1 0 779 75 
10800 14 1000 86 2 0 867 45 
10800 15 1000 126 5 0 827 42 
10800 16 1000 111 0 0 856 33 
10800 17 1000 100 3 0 853 44 
10800 18 1000 92 1 0 876 31 
10800 19 1000 16 0 0 979 5 
10800 20 1000 46 0 0 944 10 
10800 21 1000 48 1 0 937 14 
10800 22 1000 51 1 0 927 21 
10800 23 1000 60 0 0 898 42 
10800 24 1000 16 0 0 972 12 
10800 25 1000 35 0 0 954 11 
10800 26 1000 26 0 0 960 14 
10800 27 1000 28 0 0 957 15 
10800 28 1000 72 0 0 907 21 
10800 29 1000 46 0 0 935 19 
10800 30 1000 8 0 0 982 10 
10800 31 1000 43 0 0 949 8 
10800 32 1000 61 0 0 913 26 
10800 33 1000 26 0 0 970 4 
10800 34 1000 29 2 0 958 11 
10800 35 1000 19 0 0 972 9 
10800 36 1000 16 0 0 968 16 
12000 0 1000 181 11 0 739 69 
12000 1 1000 170 9 0 759 62 
12000 2 1000 164 8 0 763 65 
12000 3 1000 179 11 0 746 64 
12000 4 1000 174 15 0 761 50 
12000 5 1000 165 5 0 760 70 
12000 6 1000 146 9 0 793 52 
12000 7 1000 94 3 0 872 31 
12000 8 1000 131 2 0 815 52 
12000 9 1000 140 2 0 806 52 
12000 10 1000 102 3 0 861 34 
12000 11 1000 124 2 0 835 39 
12000 12 1000 114 2 0 840 44 
12000 13 1000 150 5 0 777 68 
12000 14 1000 82 2 0 888 28 
12000 15 1000 129 1 0 818 52 
12000 16 1000 105 4 0 849 42 
12000 17 1000 105 0 0 861 34 
12000 18 1000 85 2 0 873 40 
12000 19 1000 14 0 0 981 5 
12000 20 1000 45 0 0 943 12 
12000 21 1000 50 1 0 931 18 
12000 22 1000 50 1 0 936 13 
12000 23 1000 53 0 0 913 34 
12000 24 1000 19 0 0 972 9 
12000 25 1000 30 2 0 957 11 
12000 26 1000 31 0 0 957 12 
12000 27 1000 25 0 0 966 9 
12000 28 1000 70 1 0 899 30 
12000 29 1000 36 2 0 947 15 
12000 30 1000 13 0 0 980 7 
12000 31 1000 37 0 0 956 7 
12000 32 1000 57 1 0 916 26 
12000 33 1000 23 0 0 967 10 
12000 34 1000 26 3 0 956 15 
12000 35 1000 24 0 0 966 10 
12000 36 1000 19 1 0 971 9 
13200 0 1000 174 8 0 752 66 
13200 1 1000 159 9 0 783 49 
13200 2 1000 165 8 0 768 59 
13200 3 1000 166 5 0 765 64 
13200 4 1000 171 7 0 760 62 
13200 5 1000 173 8 0 760 59 
13200 6 1000 145 9 0 784 62 
13200 7 1000 109 1 0 856 34 
13200 8 1000 135 0 0 820 45 
13200 9 1000 128 2 0 807 63 
13200 10 1000 100 3 0 854 43 
13200 11 1000 101 5 0 855 39 
13200 12 1000 107 2 0 842 49 
13200 13 1000 147 4 0 781 68 
13200 14 1000 85 2 0 876 37 
13200 15 1000 127 7 0 814 52 
13200 16 1000 101 4 0 872 23 
13200 17 1000 112 6 0 846 36 
13200 18 1000 88 1 0 873 38 
13200 19 1000 12 0 0 985 3 
13200 20 1000 39 0 0 949 12 
13200 21 1000 47 0 0 941 12 
13200 22 1000 58 0 0 931 11 
13200 23 1000 58 0 0 905 37 
13200 24 1000 16 0 0 978 6 
13200 25 1000 30 0 0 966 4 
13200 26 1000 28 1 0 965 6 
13200 27 1000 26 0 0 964 10 
13200 28 1000 64 1 0 908 27 
13200 29 1000 40 1 0 941 18 
13200 30 1000 11 0 0 981 8 
13200 31 1000 46 1 0 943 10 
13200 32 1000 61 2 0 907 30 
13200 33 1000 21 0 0 972 7 
13200 34 1000 27 0 0 959 14 
13200 35 1000 24 0 0 971 5 
13200 36 1000 21 0 0 971 8 
14400 0 1000 159 9 0 749 83 
14400 1 1000 160 4 0 774 62 
14400 2 1000 167 5 0 773 55 
14400 3 1000 159 11 0 769 61 
14400 4 1000 164 10 0 763 63 
14400 5 1000 151 10 0 779 60 
14400 6 1000 145 5 0 788 62 
14400 7 1000 97 2 0 860 41 
14400 8 1000 128 2 0 835 35 
14400 9 1000 121 3 0 820 56 
14400 10 1000 106 2 0 859 33 
14400 11 1000 105 5 0 853 37 
14400 12 1000 108 0 0 848 44 
14400 13 1000 142 5 0 785 68 
14400 14 1000 91 2 0 886 21 
14400 15 1000 124 3 0 829 44 
14400 16 1000 98 3 0 853 46 
14400 17 1000 96 3 0 859 42 
14400 18 1000 82 3 0 867 48 
14400 19 1000 8 0 0 984 8 
14400 20 1000 44 1 0 944 11 
14400 21 1000 42 0 0 945 13 
14400 22 1000 56 1 0 926 17 
14400 23 1000 51 3 0 911 35 
14400 24 1000 17 0 0 977 6 
14400 25 1000 30 0 0 963 7 
14400 26 1000 30 1 0 962 7 
14400 27 1000 27 2 0 962 9 
14400 28 1000 61 2 0 902 35 
14400 29 1000 39 1 0 949 11 
14400 30 1000 5 0 0 989 6 
14400 31 1000 36 1 0 956 7 
14400 32 1000 52 2 0 916 30 
14400 33 1000 19 1 0 970 10 
14400 34 1000 20 1 0 974 5 
14400 35 1000 24 1 0 968 7 
14400 36 1000 13 0 0 978 9 
15600 0 1000 171 4 0 750 75 
15600 1 1000 171 5 0 767 57 
15600 2 1000 170 6 0 769 55 
15600 3 1000 148 10 0 777 65 
15600 4 1000 163 7 0 764 66 
15600 5 1000 161 4 0 774 61 
15600 6 1000 132 6 0 809 53 
15600 7 1000 97 1 0 855 47 
15600 8 1000 121 4 0 822 53 
15600 9 1000 127 1 0 817 55 
15600 10 1000 104 3 0 854 39 
15600 11 1000 106 5 0 851 38 
15600 12 1000 100 5 0 848 47 
15600 13 1000 138 4 0 786 72 
15600 14 1000 85 4 0 880 31 
15600 15 1000 109 5 0 826 60 
15600 16 1000 102 0 0 853 45 
15600 17 1000 99 1 0 862 38 
15600 18 1000 85 3 0 868 44 
15600 19 1000 8 0 0 979 13 
15600 20 1000 40 0 0 952 8 
15600 21 1000 39 0 0 945 16 
15600 22 1000 54 1 0 929 16 
15600 23 1000 50 0 0 922 28 
15600 24 1000 17 0 0 972 11 
15600 25 1000 27 0 0 958 15 
15600 26 1000 26 2 0 958 14 
15600 27 1000 28 0 0 958 14 
15600 28 1000 65 0 0 918 17 
15600 29 1000 39 0 0 948 13 
15600 30 1000 11 0 0 981 8 
15600 31 1000 36 0 0 958 6 
15600 32 1000 58 2 0 912 28 
15600 33 1000 20 0 0 972 8 
15600 34 1000 28 1 0 967 4 
15600 35 1000 21 1 0 969 9 
15600 36 1000 13 1 0 974 12 
16800 0 1000 160 17 0 762 61 
16800 1 1000 155 5 0 793 47 
16800 2 1000 147 8 1 795 49 
16800 3 1000 154 5 0 783 58 
16800 4 1000 154 10 0 773 63 
16800 5 1000 151 5 0 781 63 
16800 6 1000 142 5 0 800 53 
16800 7 1000 103 6 0 858 33 
16800 8 1000 126 6 0 825 43 
16800 9 1000 129 3 0 813 55 
16800 10 1000 108 3 0 850 39 
16800 11 1000 103 4 0 854 39 
16800 12 1000 106 1 0 845 48 
16800 13 1000 142 3 0 787 68 
16800 14 1000 89 2 0 883 26 
16800 15 1000 113 9 0 838 40 
16800 16 1000 102 3 0 857 38 
16800 17 1000 94 3 0 871 32 
16800 18 1000 86 0 0 874 40 
16800 19 1000 10 0 0 984 6 
16800 20 1000 38 2 0 947 13 
16800 21 1000 44 0 0 941 15 
16800 22 1000 51 1 0 932 16 
16800 23 1000 55 1 0 925 19 
16800 24 1000 16 0 0 978 6 
16800 25 1000 24 1 0 962 13 
16800 26 1000 32 0 0 961 7 
16800 27 1000 20 0 0 975 5 
16800 28 1000 59 0 0 913 28 
16800 29 1000 37 1 0 938 24 
16800 30 1000 10 0 0 985 5 
16800 31 1000 31 0 0 953 16 
16800 32 1000 54 0 0 924 22 
16800 33 1000 21 1 0 972 6 
16800 34 1000 23 0 0 966 11 
16800 35 1000 16 0 0 975 9 
16800 36 1000 18 0 0 970 12 
18000 0 1000 150 10 0 776 64 
18000 1 1000 155 6 0 789 50 
18000 2 1000 165 2 0 774 59 
18000 3 1000 147 5 0 787 61 
18000 4 1000 154 0 0 779 67 
18000 5 1000 153 3 0 779 65 
18000 6 1000 137 5 0 796 62 
18000 7 1000 94 2 0 875 29 
18000 8 1000 128 2 0 820 50 
18000 9 1000 129 4 0 810 57 
18000 10 1000 100 2 0 861 37 
18000 11 1000 106 2 0 848 44 
18000 12 1000 95 2 0 859 44 
18000 13 1000 130 3 0 804 63 
18000 14 1000 96 3 0 871 30 
18000 15 1000 124 0 0 823 53 
18000 16 1000 100 2 0 870 28 
18000 17 1000 101 3 0 861 35 
18000 18 1000 79 3 0 867 51 
18000 19 1000 6 0 0 986 8 
18000 20 1000 32 1 0 954 13 
18000 21 1000 41 1 0 943 15 
18000 22 1000 56 1 0 928 15 
18000 23 1000 46 2 0 923 29 
18000 24 1000 12 0 0 985 3 
18000 25 1000 23 0 0 965 12 
18000 26 1000 38 0 0 948 14 
18000 27 1000 29 0 0 960 11 
18000 28 1000 62 0 0 912 26 
18000 29 1000 42 2 0 943 13 
18000 30 1000 9 0 0 990 1 
18000 31 1000 36 1 0 950 13 
18000 32 1000 64 0 0 920 16 
18000 33 1000 22 0 0 968 10 
18000 34 1000 27 1 0 963 9 
18000 35 1000 20 0 0 971 9 
18000 36 1000 13 0 0 970 17 
19200 0 1000 165 7 0 776 52 
19200 1 1000 134 8 0 793 65 
19200 2 1000 143 12 0 789 56 
19200 3 1000 151 8 0 761 80 
19200 4 1000 161 6 0 764 69 
19200 5 1000 150 5 0 796 49 
19200 6 1000 133 11 0 803 53 
19200 7 1000 84 3 0 887 26 
19200 8 1000 125 4 0 829 42 
19200 9 1000 122 5 0 808 65 
19200 10 1000 100 1 0 864 35 
19200 11 1000 104 2 0 854 40 
19200 12 1000 91 4 0 858 47 
19200 13 1000 125 6 0 796 73 
19200 14 1000 83 2 0 881 34 
19200 15 1000 119 4 0 835 42 
19200 16 1000 105 1 0 850 44 
19200 17 1000 92 1 0 869 38 
19200 18 1000 84 0 0 875 41 
19200 19 1000 14 0 0 979 7 
19200 20 1000 40 1 0 946 13 
19200 21 1000 33 0 0 957 10 
19200 22 1000 48 0 0 936 16 
19200 23 1000 52 0 0 916 32 
19200 24 1000 13 0 0 982 5 
19200 25 1000 35 1 0 956 8 
19200 26 1000 28 0 0 966 6 
19200 27 1000 23 0 0 965 12 
19200 28 1000 64 0 0 910 26 
19200 29 1000 39 1 0 942 18 
19200 30 1000 12 0 0 973 15 
19200 31 1000 26 1 0 965 8 
19200 32 1000 60 0 0 916 24 
19200 33 1000 15 1 0 973 11 
19200 34 1000 32 0 0 958 10 
19200 35 1000 21 0 0 974 5 
19200 36 1000 14 0 0 977 9 
20400 0 1000 172 6 1 765 56 
20400 1 1000 158 4 0 784 54 
20400 2 1000 146 8 0 794 52 
20400 3 1000 153 6 0 776 65 
20400 4 1000 151 8 0 779 62 
20400 5 1000 139 10 0 806 45 
20400 6 1000 128 5 0 815 52 
20400 7 1000 90 3 0 874 33 
20400 8 1000 122 3 0 828 47 
20400 9 1000 120 2 0 826 52 
20400 10 1000 109 0 0 847 44 
20400 11 1000 98 4 0 858 40 
20400 12 1000 101 2 0 853 44 
20400 13 1000 135 3 0 802 60 
20400 14 1000 76 1 0 888 35 
20400 15 1000 109 7 0 845 39 
20400 16 1000 96 5 0 865 34 
20400 17 1000 91 4 0 871 34 
20400 18 1000 79 1 0 887 33 
20400 19 1000 14 0 0 983 3 
20400 20 1000 40 1 0 946 13 
20400 21 1000 38 1 0 950 11 
20400 22 1000 49 0 0 937 14 
20400 23 1000 55 0 0 911 34 
20400 24 1000 17 0 0 979 4 
20400 25 1000 23 0 0 971 6 
20400 26 1000 30 0 0 963 7 
20400 27 1000 26 0 0 963 11 
20400 28 1000 55 2 0 915 28 
20400 29 1000 34 3 0 945 18 
20400 30 1000 10 0 0 984 6 
20400 31 1000 32 2 0 953 13 
20400 32 1000 52 1 0 922 25 
20400 33 1000 21 1 0 971 7 
20400 34 1000 21 1 0 971 7 
20400 35 1000 14 0 0 981 5 
20400 36 1000 14 0 0 979 7 
21600 0 1000 162 9 0 776 53 
21600 1 1000 140 5 0 806 49 
21600 2 1000 145 2 0 784 69 
21600 3 1000 147 10 0 800 43 
21600 4 1000 160 6 0 771 63 
21600 5 1000 138 12 0 806 44 
21600 6 1000 130 3 0 818 49 
21600 7 1000 95 1 0 874 30 
21600 8 1000 124 2 0 839 35 
21600 9 1000 118 3 0 804 75 
21600 10 1000 107 4 0 844 45 
21600 11 1000 104 1 0 834 61 
21600 12 1000 94 3 0 853 50 
21600 13 1000 127 6 0 792 75 
21600 14 1000 88 1 0 879 32 
21600 15 1000 119 2 0 833 46 
21600 16 1000 100 4 0 862 34 
21600 17 1000 94 0 0 868 38 
21600 18 1000 88 3 0 871 38 
21600 19 1000 10 0 0 982 8 
21600 20 1000 32 0 0 959 9 
21600 21 1000 34 0 0 945 21 
21600 22 1000 53 0 0 926 21 
21600 23 1000 49 0 0 916 35 
21600 24 1000 15 0 0 975 10 
21600 25 1000 23 0 0 973 4 
21600 26 1000 27 0 0 961 12 
21600 27 1000 21 0 0 975 4 
21600 28 1000 59 1 0 904 36 
21600 29 1000 38 0 0 949 13 
21600 30 1000 5 1 0 985 9 
21600 31 1000 34 2 0 956 8 
21600 32 1000 51 0 0 924 25 
21600 33 1000 21 0 0 970 9 
21600 34 1000 21 1 0 966 12 
21600 35 1000 18 0 0 974 8 
21600 36 1000 18 0 0 969 13 
